total_obs: 320 diff:0 avg_duration: 2147.75
10010.0 0.0
1900.0 1.0
2810.0 0.0
1320.0 1.0
560.0 0.0
1420.0 1.0
550.0 0.0
5470.0 1.0
540.0 0.0
710.0 1.0
400.0 0.0
820.0 1.0
3310.0 0.0
1000.0 1.0
17400.0 0.0
780.0 1.0
1070.0 0.0
21710.0 1.0
1010.0 0.0
1760.0 1.0
12640.0 0.0
1480.0 1.0
3190.0 0.0
1340.0 1.0
5250.0 0.0
2220.0 1.0
670.0 2.0
390.0 1.0
970.0 2.0
1610.0 0.0
2320.0 1.0
420.0 0.0
420.0 2.0
450.0 0.0
800.0 1.0
2200.0 2.0
480.0 1.0
480.0 2.0
600.0 0.0
2090.0 1.0
900.0 2.0
310.0 1.0
490.0 0.0
10290.0 1.0
6270.0 0.0
640.0 1.0
1660.0 0.0
2250.0 1.0
4010.0 0.0
400.0 7.0
2300.0 0.0
1300.0 1.0
2320.0 0.0
460.0 1.0
1360.0 3.0
8270.0 0.0
390.0 1.0
19110.0 0.0
2370.0 4.0
1380.0 0.0
660.0 1.0
1630.0 0.0
330.0 1.0
1170.0 0.0
470.0 2.0
2230.0 0.0
1440.0 1.0
350.0 0.0
320.0 1.0
1870.0 0.0
1020.0 1.0
430.0 2.0
370.0 1.0
310.0 0.0
1000.0 2.0
560.0 1.0
2540.0 2.0
1510.0 3.0
360.0 1.0
460.0 2.0
1190.0 1.0
1770.0 0.0
2800.0 1.0
6250.0 0.0
1170.0 1.0
1230.0 0.0
310.0 1.0
350.0 2.0
4380.0 0.0
750.0 1.0
2190.0 4.0
590.0 0.0
2360.0 1.0
670.0 0.0
1000.0 1.0
510.0 0.0
590.0 4.0
420.0 1.0
1090.0 2.0
1010.0 1.0
4850.0 0.0
1390.0 2.0
9520.0 0.0
1020.0 2.0
1260.0 0.0
1370.0 1.0
2550.0 0.0
1230.0 3.0
2730.0 0.0
820.0 1.0
660.0 0.0
760.0 1.0
8090.0 0.0
2260.0 1.0
3390.0 2.0
990.0 3.0
1460.0 1.0
350.0 0.0
640.0 1.0
930.0 2.0
330.0 3.0
480.0 2.0
1390.0 4.0
760.0 3.0
420.0 1.0
630.0 3.0
690.0 6.0
940.0 2.0
570.0 6.0
550.0 3.0
1020.0 2.0
3570.0 4.0
480.0 1.0
1820.0 0.0
2290.0 1.0
3450.0 0.0
360.0 1.0
2160.0 0.0
1640.0 1.0
2620.0 0.0
650.0 2.0
1000.0 0.0
2430.0 1.0
2750.0 0.0
1060.0 1.0
8350.0 0.0
790.0 1.0
310.0 0.0
1420.0 1.0
12410.0 0.0
750.0 1.0
2140.0 0.0
760.0 1.0
9210.0 0.0
500.0 1.0
4220.0 0.0
370.0 1.0
1410.0 0.0
520.0 2.0
1180.0 1.0
420.0 2.0
490.0 0.0
740.0 1.0
910.0 0.0
810.0 3.0
740.0 0.0
1110.0 1.0
1300.0 2.0
900.0 1.0
1170.0 2.0
720.0 1.0
790.0 2.0
480.0 1.0
3020.0 2.0
310.0 1.0
1500.0 0.0
1910.0 1.0
610.0 2.0
1480.0 0.0
350.0 2.0
4870.0 0.0
510.0 1.0
7180.0 0.0
1160.0 1.0
520.0 0.0
370.0 1.0
2920.0 0.0
840.0 1.0
1420.0 0.0
720.0 1.0
18420.0 0.0
970.0 1.0
14080.0 0.0
3330.0 1.0
3970.0 0.0
490.0 1.0
2450.0 0.0
710.0 1.0
2210.0 0.0
620.0 1.0
1920.0 2.0
920.0 1.0
400.0 0.0
770.0 1.0
1150.0 3.0
580.0 1.0
330.0 3.0
920.0 4.0
660.0 2.0
460.0 0.0
1930.0 1.0
1260.0 2.0
710.0 1.0
2030.0 0.0
960.0 1.0
600.0 0.0
1150.0 3.0
510.0 1.0
1480.0 0.0
540.0 1.0
700.0 0.0
1240.0 1.0
390.0 0.0
2270.0 1.0
420.0 0.0
640.0 2.0
1580.0 0.0
670.0 1.0
660.0 0.0
1630.0 1.0
19440.0 0.0
700.0 1.0
10800.0 0.0
1150.0 1.0
15070.0 0.0
550.0 2.0
1920.0 0.0
2570.0 1.0
640.0 0.0
820.0 1.0
4080.0 0.0
2270.0 2.0
2240.0 0.0
620.0 2.0
570.0 3.0
2950.0 1.0
730.0 2.0
5570.0 1.0
3590.0 0.0
460.0 1.0
3330.0 0.0
1280.0 1.0
740.0 0.0
530.0 1.0
890.0 0.0
1260.0 1.0
1160.0 0.0
1280.0 1.0
3530.0 0.0
560.0 1.0
1770.0 0.0
460.0 1.0
2000.0 0.0
550.0 1.0
1060.0 0.0
790.0 1.0
6200.0 0.0
390.0 1.0
2160.0 2.0
2140.0 1.0
560.0 0.0
1310.0 1.0
9690.0 0.0
1070.0 1.0
430.0 0.0
670.0 1.0
12480.0 0.0
730.0 1.0
4600.0 0.0
580.0 1.0
860.0 2.0
1090.0 1.0
1300.0 3.0
460.0 1.0
610.0 0.0
740.0 2.0
1150.0 0.0
960.0 1.0
1380.0 0.0
680.0 2.0
910.0 1.0
460.0 0.0
2400.0 1.0
720.0 0.0
1250.0 1.0
2920.0 2.0
470.0 0.0
360.0 1.0
520.0 2.0
1680.0 1.0
360.0 0.0
3250.0 1.0
1590.0 2.0
2010.0 1.0
470.0 0.0
2680.0 1.0
4800.0 2.0
2440.0 0.0
1320.0 1.0
1320.0 0.0
1570.0 1.0
750.0 0.0
3410.0 1.0
8570.0 0.0
780.0 1.0
1360.0 0.0
910.0 1.0
8890.0 0.0
520.0 1.0
6040.0 0.0
