total_obs: 468 diff:0 avg_duration: 1471.4529914529915
490.0 11.0
750.0 10.0
2390.0 11.0
2450.0 13.0
660.0 11.0
700.0 12.0
1710.0 11.0
480.0 10.0
680.0 11.0
4260.0 12.0
1500.0 11.0
1290.0 12.0
2860.0 9.0
3540.0 10.0
1130.0 12.0
340.0 10.0
360.0 11.0
3310.0 10.0
890.0 9.0
620.0 8.0
3400.0 9.0
3240.0 7.0
5970.0 6.0
560.0 7.0
1490.0 6.0
360.0 7.0
5610.0 8.0
1160.0 9.0
21350.0 8.0
560.0 9.0
440.0 10.0
900.0 11.0
1380.0 12.0
1550.0 9.0
3150.0 8.0
1090.0 10.0
360.0 9.0
1180.0 10.0
760.0 8.0
330.0 10.0
630.0 9.0
620.0 11.0
660.0 10.0
690.0 9.0
1860.0 10.0
1360.0 11.0
1680.0 12.0
760.0 11.0
1200.0 12.0
600.0 13.0
1950.0 11.0
770.0 12.0
310.0 11.0
830.0 12.0
310.0 11.0
1500.0 10.0
1600.0 12.0
1910.0 13.0
1040.0 11.0
860.0 9.0
500.0 10.0
1750.0 12.0
600.0 11.0
880.0 10.0
1330.0 9.0
1160.0 12.0
3160.0 9.0
710.0 10.0
1150.0 9.0
3670.0 7.0
1080.0 6.0
890.0 7.0
480.0 6.0
1300.0 7.0
400.0 6.0
430.0 7.0
440.0 6.0
730.0 8.0
1180.0 6.0
900.0 7.0
310.0 6.0
420.0 8.0
650.0 6.0
2070.0 10.0
900.0 7.0
630.0 6.0
750.0 9.0
720.0 11.0
440.0 9.0
4110.0 8.0
380.0 11.0
1160.0 8.0
1680.0 2.0
1280.0 3.0
5190.0 2.0
840.0 5.0
2210.0 14.0
1540.0 9.0
1800.0 8.0
4170.0 9.0
710.0 10.0
1740.0 9.0
2720.0 8.0
1970.0 9.0
370.0 8.0
980.0 9.0
420.0 10.0
740.0 9.0
900.0 10.0
1200.0 9.0
660.0 10.0
1020.0 9.0
3040.0 11.0
1980.0 14.0
4730.0 11.0
320.0 7.0
840.0 13.0
6820.0 11.0
2740.0 12.0
990.0 13.0
330.0 11.0
320.0 13.0
770.0 11.0
1400.0 10.0
3360.0 12.0
2930.0 9.0
1050.0 8.0
950.0 7.0
1350.0 6.0
1400.0 5.0
330.0 7.0
3370.0 5.0
3440.0 4.0
2100.0 6.0
5230.0 7.0
380.0 5.0
1740.0 6.0
610.0 7.0
2670.0 9.0
3460.0 6.0
660.0 7.0
880.0 6.0
450.0 7.0
2510.0 8.0
840.0 9.0
4090.0 8.0
7620.0 9.0
1110.0 8.0
1540.0 9.0
840.0 8.0
3650.0 9.0
1340.0 10.0
2430.0 9.0
1090.0 11.0
1920.0 10.0
2020.0 11.0
2370.0 12.0
630.0 11.0
380.0 12.0
1390.0 11.0
500.0 12.0
1240.0 13.0
2740.0 12.0
430.0 15.0
450.0 13.0
2350.0 9.0
720.0 11.0
1700.0 9.0
730.0 14.0
1250.0 12.0
870.0 10.0
800.0 11.0
690.0 9.0
700.0 11.0
950.0 10.0
400.0 9.0
520.0 11.0
880.0 9.0
350.0 8.0
320.0 10.0
640.0 9.0
1030.0 8.0
720.0 9.0
350.0 10.0
2650.0 7.0
380.0 6.0
1730.0 8.0
740.0 5.0
500.0 4.0
2040.0 2.0
560.0 4.0
1060.0 3.0
360.0 2.0
750.0 4.0
630.0 2.0
2610.0 4.0
770.0 7.0
790.0 8.0
4030.0 6.0
490.0 7.0
2000.0 8.0
1100.0 9.0
390.0 8.0
1110.0 7.0
1190.0 8.0
1800.0 7.0
1430.0 8.0
410.0 7.0
1100.0 8.0
660.0 9.0
3650.0 8.0
330.0 9.0
2310.0 8.0
3530.0 9.0
910.0 8.0
480.0 9.0
1540.0 8.0
3510.0 9.0
920.0 8.0
610.0 10.0
3270.0 9.0
1370.0 10.0
800.0 9.0
840.0 10.0
1890.0 12.0
440.0 13.0
530.0 10.0
2610.0 11.0
430.0 13.0
1110.0 11.0
3920.0 12.0
390.0 11.0
3130.0 12.0
4650.0 9.0
850.0 11.0
490.0 9.0
1140.0 10.0
1040.0 12.0
1050.0 11.0
690.0 10.0
430.0 11.0
860.0 10.0
2040.0 9.0
840.0 10.0
1220.0 8.0
830.0 9.0
430.0 10.0
480.0 8.0
400.0 9.0
490.0 8.0
1190.0 7.0
460.0 9.0
940.0 6.0
740.0 7.0
1120.0 5.0
2530.0 6.0
1100.0 7.0
610.0 6.0
1140.0 8.0
570.0 5.0
2740.0 7.0
470.0 8.0
320.0 7.0
1240.0 6.0
3550.0 8.0
1750.0 7.0
2250.0 8.0
650.0 7.0
2300.0 8.0
1110.0 7.0
1750.0 8.0
1660.0 9.0
360.0 7.0
600.0 8.0
530.0 7.0
5380.0 8.0
1940.0 9.0
2040.0 8.0
350.0 9.0
2280.0 8.0
1740.0 9.0
630.0 8.0
400.0 5.0
1450.0 4.0
1660.0 1.0
820.0 9.0
350.0 10.0
1080.0 9.0
750.0 8.0
1060.0 9.0
820.0 10.0
550.0 12.0
800.0 10.0
1760.0 13.0
1960.0 12.0
1610.0 13.0
660.0 12.0
2380.0 11.0
2450.0 12.0
2840.0 13.0
1520.0 10.0
1120.0 8.0
530.0 10.0
1250.0 11.0
500.0 9.0
500.0 10.0
320.0 9.0
380.0 11.0
900.0 8.0
1260.0 13.0
2630.0 9.0
1290.0 10.0
1290.0 9.0
680.0 7.0
1600.0 6.0
560.0 8.0
860.0 7.0
1140.0 6.0
2630.0 4.0
920.0 6.0
7710.0 5.0
1090.0 6.0
350.0 5.0
350.0 6.0
780.0 5.0
2310.0 6.0
1230.0 7.0
1060.0 8.0
970.0 7.0
2430.0 4.0
1020.0 5.0
450.0 6.0
390.0 5.0
480.0 6.0
2560.0 8.0
400.0 6.0
2750.0 5.0
560.0 6.0
2460.0 5.0
400.0 6.0
2900.0 5.0
2340.0 6.0
1170.0 5.0
830.0 6.0
430.0 5.0
360.0 6.0
1040.0 5.0
730.0 6.0
1990.0 5.0
2600.0 6.0
1310.0 5.0
490.0 7.0
830.0 5.0
1360.0 6.0
1020.0 4.0
530.0 3.0
1800.0 4.0
450.0 8.0
3100.0 4.0
1420.0 10.0
1280.0 11.0
1330.0 12.0
1060.0 11.0
1330.0 12.0
1270.0 14.0
1170.0 13.0
2260.0 10.0
2270.0 9.0
2790.0 8.0
480.0 10.0
1070.0 9.0
1600.0 11.0
2660.0 4.0
1090.0 2.0
2160.0 3.0
1250.0 4.0
620.0 3.0
1570.0 2.0
760.0 4.0
930.0 2.0
3700.0 3.0
840.0 0.0
3030.0 2.0
2600.0 1.0
510.0 3.0
2920.0 2.0
1100.0 3.0
1220.0 2.0
870.0 3.0
2590.0 2.0
480.0 4.0
660.0 3.0
3250.0 4.0
1210.0 2.0
460.0 4.0
770.0 3.0
480.0 4.0
1190.0 3.0
640.0 2.0
1720.0 3.0
2600.0 2.0
400.0 1.0
1700.0 2.0
3070.0 3.0
530.0 1.0
500.0 4.0
1000.0 5.0
1210.0 4.0
1280.0 9.0
630.0 7.0
810.0 6.0
5760.0 8.0
3100.0 11.0
390.0 10.0
770.0 11.0
2060.0 12.0
1060.0 13.0
940.0 12.0
690.0 13.0
2410.0 11.0
970.0 12.0
2550.0 10.0
850.0 9.0
770.0 8.0
540.0 10.0
1360.0 9.0
3070.0 11.0
1630.0 8.0
570.0 9.0
3780.0 8.0
310.0 11.0
670.0 8.0
620.0 9.0
1890.0 8.0
780.0 7.0
1920.0 5.0
2070.0 6.0
1330.0 5.0
460.0 6.0
1010.0 5.0
810.0 4.0
2930.0 5.0
880.0 7.0
3720.0 6.0
1990.0 7.0
470.0 8.0
700.0 6.0
2780.0 7.0
1390.0 6.0
1450.0 8.0
660.0 7.0
690.0 9.0
970.0 7.0
670.0 8.0
2600.0 7.0
2160.0 8.0
1460.0 7.0
3030.0 8.0
380.0 9.0
1580.0 8.0
1050.0 9.0
550.0 8.0
2880.0 9.0
2850.0 8.0
1710.0 7.0
1960.0 8.0
740.0 9.0
1280.0 8.0
