total_obs: 381 diff:0 avg_duration: 1811.8635170603675
2950.0 0.0
1780.0 5.0
7210.0 0.0
3390.0 1.0
1420.0 0.0
340.0 5.0
610.0 0.0
440.0 3.0
780.0 2.0
450.0 1.0
690.0 0.0
1820.0 2.0
5530.0 1.0
1450.0 0.0
440.0 1.0
20590.0 0.0
1530.0 1.0
2050.0 0.0
20960.0 1.0
1400.0 0.0
930.0 3.0
1670.0 1.0
4450.0 0.0
2220.0 1.0
8200.0 0.0
1650.0 10.0
430.0 1.0
7240.0 0.0
640.0 1.0
3890.0 0.0
370.0 2.0
520.0 1.0
3190.0 2.0
360.0 1.0
530.0 2.0
890.0 3.0
680.0 1.0
2170.0 3.0
4250.0 1.0
1920.0 2.0
1770.0 1.0
450.0 2.0
1270.0 3.0
840.0 2.0
1120.0 0.0
1330.0 1.0
390.0 0.0
2600.0 1.0
3510.0 0.0
3670.0 1.0
1060.0 2.0
4310.0 0.0
610.0 1.0
3470.0 0.0
520.0 1.0
2150.0 0.0
1530.0 1.0
11200.0 0.0
1690.0 2.0
11880.0 0.0
1110.0 1.0
840.0 0.0
1090.0 1.0
620.0 4.0
2960.0 0.0
550.0 1.0
690.0 3.0
2430.0 1.0
850.0 2.0
1740.0 1.0
690.0 0.0
480.0 2.0
1290.0 1.0
1380.0 0.0
820.0 2.0
4130.0 1.0
2700.0 2.0
1810.0 3.0
1850.0 0.0
730.0 2.0
1010.0 0.0
2370.0 1.0
1220.0 0.0
1790.0 1.0
340.0 0.0
950.0 1.0
980.0 0.0
1380.0 2.0
410.0 1.0
790.0 0.0
470.0 1.0
1220.0 2.0
840.0 1.0
390.0 0.0
660.0 1.0
1950.0 0.0
720.0 3.0
1310.0 2.0
3220.0 1.0
1150.0 2.0
900.0 1.0
1170.0 0.0
1320.0 1.0
840.0 0.0
460.0 6.0
510.0 1.0
390.0 2.0
370.0 0.0
530.0 1.0
430.0 0.0
650.0 1.0
390.0 0.0
1370.0 2.0
730.0 1.0
7870.0 0.0
600.0 1.0
1230.0 0.0
1540.0 3.0
540.0 1.0
1870.0 0.0
1190.0 3.0
3220.0 0.0
970.0 1.0
1580.0 0.0
950.0 1.0
480.0 2.0
380.0 0.0
330.0 1.0
1140.0 0.0
2330.0 2.0
320.0 1.0
3950.0 0.0
1010.0 1.0
930.0 2.0
560.0 0.0
1490.0 4.0
810.0 2.0
850.0 1.0
430.0 3.0
320.0 2.0
1250.0 1.0
550.0 2.0
1150.0 1.0
570.0 3.0
1730.0 2.0
1420.0 3.0
2140.0 2.0
830.0 1.0
390.0 5.0
560.0 3.0
1000.0 6.0
2050.0 3.0
1370.0 2.0
1130.0 1.0
1500.0 4.0
1930.0 1.0
4680.0 0.0
710.0 1.0
390.0 0.0
2220.0 1.0
380.0 0.0
540.0 1.0
640.0 0.0
810.0 1.0
530.0 0.0
440.0 1.0
1600.0 2.0
3150.0 1.0
1700.0 0.0
510.0 1.0
380.0 2.0
910.0 6.0
1850.0 3.0
2980.0 0.0
510.0 1.0
760.0 2.0
940.0 0.0
1140.0 1.0
1820.0 0.0
700.0 1.0
8340.0 0.0
900.0 1.0
5000.0 0.0
450.0 1.0
3550.0 0.0
1440.0 1.0
5380.0 0.0
3620.0 1.0
770.0 0.0
430.0 1.0
630.0 0.0
470.0 1.0
1100.0 0.0
8580.0 1.0
310.0 6.0
2100.0 2.0
1480.0 3.0
1580.0 2.0
1400.0 3.0
590.0 2.0
2950.0 1.0
780.0 0.0
1940.0 1.0
4100.0 0.0
410.0 1.0
3320.0 0.0
1250.0 1.0
1600.0 0.0
1170.0 1.0
1350.0 0.0
1290.0 1.0
1670.0 0.0
480.0 1.0
2250.0 0.0
1010.0 1.0
23430.0 0.0
480.0 1.0
4800.0 0.0
790.0 1.0
3550.0 0.0
3560.0 1.0
720.0 0.0
1510.0 2.0
870.0 0.0
470.0 2.0
1840.0 1.0
2360.0 0.0
550.0 1.0
810.0 0.0
450.0 1.0
2880.0 2.0
1030.0 1.0
1000.0 2.0
1480.0 1.0
330.0 2.0
800.0 4.0
380.0 3.0
10680.0 2.0
650.0 3.0
490.0 2.0
3780.0 1.0
2300.0 0.0
1790.0 1.0
1780.0 2.0
440.0 1.0
2090.0 0.0
630.0 1.0
2570.0 0.0
2290.0 1.0
1130.0 2.0
390.0 1.0
1050.0 0.0
490.0 1.0
450.0 11.0
440.0 0.0
1160.0 1.0
1330.0 0.0
660.0 1.0
1790.0 0.0
1400.0 1.0
560.0 0.0
990.0 1.0
1240.0 0.0
1250.0 1.0
3670.0 0.0
1070.0 1.0
5330.0 0.0
1060.0 1.0
610.0 0.0
1100.0 1.0
1000.0 0.0
660.0 1.0
1130.0 0.0
4410.0 1.0
7470.0 0.0
450.0 2.0
2630.0 1.0
710.0 0.0
1890.0 2.0
970.0 0.0
790.0 1.0
710.0 2.0
500.0 4.0
1650.0 2.0
1650.0 1.0
1090.0 2.0
400.0 3.0
780.0 1.0
1200.0 3.0
510.0 2.0
1530.0 1.0
490.0 2.0
950.0 1.0
1370.0 5.0
1530.0 1.0
1120.0 2.0
3450.0 0.0
470.0 1.0
3640.0 0.0
1880.0 1.0
740.0 2.0
1320.0 0.0
930.0 1.0
1110.0 2.0
1080.0 1.0
1610.0 2.0
1230.0 3.0
1850.0 1.0
2280.0 0.0
1350.0 1.0
1670.0 0.0
990.0 1.0
420.0 2.0
3480.0 0.0
2970.0 1.0
1120.0 0.0
500.0 1.0
540.0 0.0
540.0 2.0
1640.0 1.0
1470.0 2.0
1050.0 1.0
2000.0 0.0
4680.0 1.0
690.0 0.0
590.0 2.0
710.0 1.0
1290.0 0.0
700.0 1.0
6790.0 0.0
790.0 1.0
1040.0 2.0
830.0 1.0
2200.0 0.0
900.0 1.0
470.0 0.0
3020.0 1.0
760.0 2.0
3040.0 1.0
1560.0 2.0
910.0 4.0
2090.0 1.0
360.0 2.0
1360.0 1.0
2260.0 2.0
1240.0 1.0
740.0 2.0
2730.0 1.0
850.0 2.0
1180.0 3.0
480.0 1.0
2940.0 2.0
2290.0 3.0
990.0 1.0
1000.0 2.0
590.0 4.0
590.0 2.0
1850.0 1.0
4970.0 2.0
4120.0 0.0
620.0 1.0
2930.0 0.0
1640.0 1.0
2110.0 2.0
1890.0 0.0
680.0 2.0
610.0 1.0
2650.0 0.0
1110.0 1.0
400.0 2.0
1330.0 1.0
2260.0 0.0
5630.0 1.0
410.0 3.0
790.0 1.0
1320.0 0.0
2160.0 1.0
1270.0 0.0
690.0 1.0
1070.0 2.0
5650.0 0.0
