total_obs: 371 diff:0 avg_duration: 1862.5067385444745
4190.0 2.0
420.0 0.0
620.0 5.0
2030.0 0.0
11190.0 1.0
2070.0 2.0
1120.0 1.0
1620.0 2.0
6060.0 1.0
1040.0 0.0
1310.0 1.0
2540.0 0.0
6920.0 1.0
2480.0 4.0
10150.0 1.0
20540.0 2.0
2300.0 1.0
2980.0 2.0
1130.0 1.0
360.0 4.0
2680.0 2.0
2180.0 0.0
320.0 1.0
400.0 0.0
2320.0 1.0
1340.0 0.0
830.0 1.0
1540.0 6.0
500.0 1.0
1190.0 0.0
730.0 1.0
1280.0 2.0
960.0 0.0
9200.0 1.0
2180.0 2.0
1770.0 1.0
510.0 2.0
1530.0 1.0
600.0 5.0
2210.0 2.0
940.0 4.0
570.0 1.0
1830.0 2.0
4420.0 1.0
2360.0 2.0
8400.0 1.0
1110.0 0.0
1380.0 1.0
320.0 0.0
830.0 2.0
860.0 1.0
1550.0 2.0
540.0 3.0
490.0 5.0
350.0 6.0
580.0 3.0
1210.0 1.0
810.0 4.0
980.0 1.0
1390.0 3.0
1560.0 1.0
880.0 3.0
460.0 2.0
970.0 5.0
1240.0 1.0
1380.0 2.0
410.0 0.0
1480.0 1.0
2600.0 0.0
5320.0 1.0
470.0 0.0
1880.0 1.0
340.0 0.0
450.0 2.0
1760.0 1.0
670.0 4.0
1470.0 0.0
1010.0 1.0
2100.0 0.0
1260.0 1.0
740.0 2.0
1180.0 1.0
1440.0 0.0
2580.0 1.0
1100.0 0.0
660.0 1.0
310.0 0.0
1080.0 1.0
1570.0 0.0
1000.0 1.0
360.0 2.0
3150.0 1.0
2770.0 0.0
1220.0 1.0
720.0 0.0
3190.0 1.0
710.0 2.0
1030.0 1.0
3380.0 2.0
1990.0 1.0
910.0 2.0
480.0 0.0
1050.0 2.0
5310.0 1.0
360.0 3.0
1310.0 1.0
910.0 2.0
3680.0 1.0
700.0 4.0
500.0 0.0
430.0 1.0
820.0 0.0
1000.0 1.0
1110.0 0.0
1630.0 1.0
730.0 2.0
790.0 1.0
350.0 2.0
1690.0 1.0
440.0 3.0
510.0 2.0
560.0 1.0
630.0 0.0
900.0 1.0
1260.0 2.0
500.0 3.0
1150.0 1.0
860.0 2.0
470.0 4.0
870.0 1.0
710.0 2.0
5780.0 1.0
2450.0 0.0
1570.0 1.0
2810.0 0.0
860.0 2.0
2560.0 1.0
490.0 2.0
2360.0 1.0
1810.0 2.0
8850.0 1.0
3800.0 0.0
2500.0 1.0
960.0 3.0
790.0 2.0
970.0 1.0
1530.0 2.0
1190.0 1.0
350.0 2.0
2770.0 1.0
480.0 3.0
440.0 4.0
580.0 2.0
520.0 3.0
1140.0 2.0
1870.0 3.0
3130.0 5.0
470.0 7.0
1660.0 2.0
1940.0 1.0
990.0 2.0
3660.0 1.0
1510.0 0.0
3580.0 1.0
900.0 3.0
1240.0 1.0
860.0 2.0
2680.0 1.0
2040.0 2.0
1050.0 1.0
910.0 5.0
3830.0 1.0
1190.0 0.0
1060.0 1.0
1230.0 0.0
3540.0 1.0
3250.0 0.0
630.0 1.0
2160.0 0.0
660.0 1.0
2050.0 0.0
1430.0 1.0
1320.0 0.0
420.0 1.0
910.0 0.0
1230.0 1.0
860.0 0.0
330.0 1.0
340.0 0.0
310.0 1.0
1310.0 0.0
560.0 1.0
1690.0 0.0
2590.0 1.0
1160.0 0.0
1330.0 1.0
660.0 0.0
940.0 1.0
330.0 2.0
1010.0 1.0
1660.0 0.0
5560.0 1.0
700.0 2.0
1020.0 1.0
320.0 2.0
500.0 1.0
740.0 2.0
2380.0 1.0
1720.0 2.0
1410.0 1.0
370.0 2.0
730.0 1.0
780.0 2.0
880.0 1.0
2190.0 2.0
2510.0 3.0
590.0 2.0
1290.0 1.0
2490.0 2.0
5360.0 1.0
1770.0 0.0
2290.0 1.0
2950.0 0.0
1980.0 1.0
730.0 0.0
600.0 1.0
660.0 0.0
1010.0 1.0
560.0 0.0
2530.0 1.0
5730.0 0.0
510.0 1.0
1140.0 0.0
1090.0 1.0
1480.0 0.0
1260.0 1.0
400.0 0.0
3570.0 1.0
1520.0 0.0
2980.0 1.0
2630.0 0.0
2720.0 1.0
480.0 0.0
1190.0 1.0
540.0 0.0
690.0 3.0
480.0 0.0
1780.0 1.0
1130.0 0.0
3350.0 1.0
1150.0 0.0
930.0 1.0
990.0 2.0
4200.0 1.0
1410.0 0.0
840.0 1.0
1700.0 0.0
690.0 1.0
2520.0 2.0
1390.0 1.0
690.0 0.0
2490.0 2.0
910.0 3.0
3350.0 1.0
1230.0 2.0
2660.0 1.0
2310.0 3.0
1400.0 1.0
920.0 3.0
1180.0 1.0
530.0 2.0
5660.0 1.0
500.0 2.0
1870.0 3.0
3910.0 1.0
410.0 2.0
2080.0 1.0
770.0 2.0
6160.0 1.0
530.0 2.0
4120.0 1.0
420.0 2.0
1430.0 1.0
1110.0 3.0
1320.0 1.0
340.0 0.0
1920.0 1.0
790.0 0.0
18440.0 1.0
360.0 0.0
1080.0 1.0
530.0 0.0
350.0 1.0
1660.0 0.0
1380.0 1.0
1600.0 0.0
710.0 1.0
710.0 0.0
1530.0 1.0
530.0 0.0
2880.0 1.0
1650.0 2.0
6800.0 1.0
6430.0 2.0
1950.0 1.0
1840.0 2.0
1060.0 1.0
580.0 2.0
3200.0 1.0
980.0 3.0
1090.0 1.0
880.0 2.0
520.0 1.0
3180.0 2.0
16990.0 1.0
880.0 2.0
1230.0 1.0
340.0 2.0
1970.0 1.0
630.0 2.0
1150.0 1.0
2840.0 2.0
990.0 3.0
1150.0 4.0
4460.0 1.0
1030.0 0.0
6770.0 1.0
2410.0 0.0
3820.0 1.0
1550.0 0.0
3320.0 1.0
980.0 3.0
3410.0 1.0
610.0 2.0
660.0 1.0
340.0 2.0
3860.0 1.0
330.0 0.0
440.0 2.0
680.0 3.0
560.0 0.0
610.0 1.0
600.0 2.0
2540.0 1.0
580.0 2.0
830.0 1.0
1680.0 2.0
1460.0 4.0
4060.0 2.0
6020.0 1.0
390.0 2.0
4140.0 1.0
570.0 3.0
4770.0 1.0
1980.0 0.0
6040.0 1.0
350.0 2.0
330.0 1.0
400.0 2.0
1520.0 1.0
550.0 3.0
2940.0 1.0
540.0 2.0
6240.0 1.0
570.0 2.0
1650.0 1.0
760.0 2.0
3960.0 1.0
1840.0 0.0
990.0 2.0
5830.0 1.0
