total_obs: 387 diff:0 avg_duration: 1784.7545219638243
7770.0 0.0
1480.0 1.0
810.0 2.0
2050.0 0.0
1660.0 1.0
570.0 0.0
2640.0 1.0
760.0 2.0
1390.0 1.0
1830.0 0.0
1910.0 2.0
1840.0 1.0
490.0 4.0
900.0 2.0
2590.0 4.0
1570.0 2.0
4220.0 1.0
3770.0 2.0
410.0 1.0
4610.0 2.0
1420.0 1.0
1780.0 2.0
2650.0 1.0
600.0 2.0
3100.0 1.0
310.0 2.0
1170.0 1.0
340.0 3.0
19700.0 1.0
660.0 2.0
450.0 1.0
1060.0 3.0
360.0 2.0
4350.0 1.0
470.0 2.0
3530.0 1.0
1280.0 0.0
540.0 2.0
1490.0 1.0
2210.0 0.0
490.0 1.0
450.0 4.0
4400.0 0.0
620.0 1.0
4360.0 0.0
3820.0 1.0
670.0 2.0
2930.0 1.0
1550.0 2.0
2540.0 0.0
4010.0 1.0
1060.0 2.0
1300.0 1.0
2430.0 2.0
1120.0 1.0
1210.0 3.0
3000.0 2.0
1270.0 4.0
3960.0 1.0
530.0 2.0
3850.0 1.0
550.0 2.0
2970.0 1.0
480.0 5.0
980.0 4.0
890.0 5.0
340.0 1.0
500.0 2.0
3970.0 1.0
490.0 2.0
420.0 1.0
3170.0 2.0
1670.0 3.0
450.0 1.0
1280.0 2.0
320.0 1.0
860.0 2.0
530.0 1.0
470.0 0.0
1480.0 1.0
1070.0 2.0
1140.0 1.0
1050.0 2.0
7220.0 1.0
4340.0 0.0
1950.0 1.0
1870.0 0.0
500.0 1.0
2890.0 0.0
920.0 1.0
1420.0 0.0
690.0 2.0
570.0 0.0
790.0 1.0
2790.0 2.0
1250.0 1.0
1740.0 2.0
730.0 1.0
700.0 0.0
2490.0 1.0
1620.0 2.0
1160.0 1.0
1890.0 2.0
3100.0 3.0
1250.0 2.0
640.0 4.0
320.0 3.0
2500.0 4.0
1570.0 1.0
450.0 2.0
3020.0 1.0
2160.0 3.0
2500.0 2.0
7060.0 1.0
430.0 4.0
430.0 1.0
1100.0 2.0
470.0 1.0
2280.0 2.0
1470.0 1.0
6470.0 2.0
2760.0 1.0
840.0 3.0
2270.0 1.0
1420.0 0.0
5620.0 1.0
600.0 2.0
1510.0 1.0
1790.0 2.0
610.0 1.0
500.0 2.0
1030.0 1.0
2130.0 2.0
4740.0 1.0
3150.0 0.0
1130.0 2.0
1660.0 1.0
480.0 2.0
1180.0 1.0
510.0 0.0
2280.0 1.0
470.0 3.0
1270.0 1.0
2010.0 2.0
2300.0 3.0
1550.0 2.0
690.0 4.0
2140.0 3.0
600.0 2.0
400.0 4.0
2020.0 2.0
1390.0 5.0
2690.0 3.0
2690.0 2.0
510.0 4.0
1280.0 2.0
1450.0 1.0
1130.0 4.0
1170.0 2.0
2670.0 1.0
310.0 4.0
3110.0 1.0
850.0 2.0
3390.0 1.0
620.0 4.0
1620.0 2.0
3690.0 1.0
3330.0 2.0
1820.0 1.0
370.0 2.0
1810.0 1.0
870.0 0.0
850.0 2.0
2360.0 1.0
680.0 2.0
4980.0 1.0
2080.0 2.0
1680.0 1.0
630.0 2.0
890.0 1.0
3600.0 2.0
4650.0 1.0
880.0 0.0
1290.0 1.0
320.0 0.0
630.0 1.0
2350.0 0.0
320.0 1.0
370.0 0.0
2610.0 1.0
1630.0 0.0
970.0 2.0
600.0 0.0
5950.0 2.0
3200.0 1.0
1250.0 2.0
1960.0 1.0
730.0 4.0
430.0 3.0
600.0 4.0
3470.0 2.0
2240.0 3.0
1260.0 1.0
1130.0 2.0
470.0 3.0
1220.0 2.0
2010.0 1.0
1130.0 2.0
490.0 1.0
730.0 2.0
1630.0 1.0
1170.0 2.0
3640.0 1.0
330.0 2.0
480.0 1.0
1260.0 2.0
2390.0 1.0
2930.0 0.0
1140.0 1.0
520.0 0.0
2670.0 1.0
360.0 0.0
850.0 1.0
640.0 2.0
7830.0 1.0
370.0 0.0
11340.0 1.0
410.0 2.0
2010.0 1.0
430.0 0.0
450.0 1.0
710.0 0.0
920.0 1.0
460.0 0.0
2640.0 1.0
590.0 2.0
720.0 1.0
400.0 0.0
1720.0 2.0
2540.0 1.0
530.0 0.0
4070.0 2.0
1890.0 1.0
410.0 2.0
350.0 4.0
1210.0 3.0
1540.0 2.0
1800.0 1.0
1280.0 3.0
2030.0 1.0
2090.0 2.0
810.0 1.0
330.0 2.0
500.0 3.0
1670.0 2.0
520.0 1.0
1660.0 4.0
480.0 1.0
320.0 3.0
760.0 4.0
2610.0 1.0
1180.0 2.0
2390.0 1.0
620.0 2.0
1970.0 1.0
1060.0 2.0
2280.0 1.0
450.0 2.0
5660.0 1.0
1590.0 2.0
480.0 1.0
320.0 2.0
9600.0 1.0
3830.0 2.0
2620.0 1.0
1160.0 0.0
370.0 1.0
970.0 0.0
1200.0 1.0
1600.0 2.0
4810.0 1.0
460.0 3.0
590.0 2.0
3730.0 1.0
330.0 2.0
2640.0 1.0
530.0 2.0
3340.0 1.0
500.0 0.0
460.0 1.0
5550.0 0.0
2300.0 1.0
700.0 0.0
1350.0 1.0
320.0 2.0
1880.0 1.0
1550.0 2.0
660.0 0.0
1790.0 1.0
2080.0 4.0
560.0 1.0
2060.0 2.0
1090.0 3.0
660.0 4.0
700.0 2.0
1680.0 1.0
1920.0 4.0
3760.0 1.0
500.0 2.0
4540.0 1.0
2430.0 2.0
1450.0 1.0
360.0 3.0
1060.0 2.0
1710.0 1.0
1660.0 2.0
1990.0 1.0
840.0 4.0
360.0 2.0
840.0 1.0
570.0 3.0
540.0 2.0
990.0 1.0
1970.0 2.0
2420.0 1.0
480.0 3.0
2140.0 1.0
440.0 3.0
380.0 4.0
930.0 2.0
770.0 3.0
1720.0 2.0
810.0 1.0
310.0 3.0
8550.0 1.0
950.0 2.0
4900.0 1.0
530.0 2.0
2990.0 1.0
1190.0 0.0
530.0 1.0
1080.0 2.0
1410.0 1.0
1010.0 0.0
3450.0 1.0
540.0 3.0
2660.0 2.0
1220.0 1.0
550.0 0.0
1770.0 1.0
1970.0 2.0
650.0 1.0
660.0 2.0
5560.0 1.0
880.0 2.0
3380.0 1.0
3090.0 3.0
430.0 1.0
940.0 4.0
840.0 2.0
850.0 1.0
1090.0 2.0
910.0 3.0
1400.0 2.0
1190.0 1.0
1980.0 2.0
620.0 3.0
360.0 2.0
1230.0 3.0
3360.0 2.0
650.0 1.0
750.0 2.0
7750.0 1.0
1300.0 2.0
500.0 1.0
2580.0 2.0
910.0 1.0
1660.0 2.0
400.0 1.0
1930.0 2.0
2860.0 1.0
340.0 2.0
810.0 1.0
630.0 2.0
1180.0 1.0
1130.0 2.0
15420.0 1.0
