total_obs: 487, avg_duration: 5137.577002053388
12300 3
900 4
2100 2
15600 3
300 4
3600 2
14400 3
2700 2
9900 3
1800 4
600 2
9600 3
600 4
1800 2
10500 3
2100 4
300 2
12000 3
2100 4
1500 2
12900 3
3600 2
14100 3
300 4
2100 2
9900 3
2400 4
10200 3
600 4
1800 2
11700 3
900 4
2400 2
14100 3
1500 4
2700 2
6000 3
6300 2
14100 3
1200 4
300 3
1500 2
10800 3
1800 4
300 3
600 2
10200 3
2400 2
11100 3
600 4
300 3
1800 2
11400 3
900 4
300 3
1500 2
9300 3
4500 2
12900 3
300 4
300 3
1800 2
9000 3
1800 2
9000 3
1800 2
9000 3
2400 2
8400 3
2700 2
9600 3
1800 4
300 3
300 2
10500 3
3600 2
10800 3
2400 2
8400 3
1800 2
7200 3
1500 4
300 3
300 2
8700 3
1500 4
300 3
300 2
9300 3
900 4
300 3
1200 2
9000 3
300 4
300 3
1500 2
12900 3
9000 2
14700 3
1200 4
300 3
1200 2
9600 3
3600 2
10800 3
2700 2
10500 3
900 4
300 3
1500 2
11700 3
900 4
300 3
2100 2
8700 3
5400 2
15600 3
300 4
300 3
2400 2
11100 3
600 4
300 3
1800 2
10500 3
1800 4
300 3
600 2
10200 3
3600 2
10800 3
4500 2
6300 3
5100 2
12900 3
2700 2
8100 3
3000 2
7800 3
3000 2
9000 3
2100 4
10500 3
300 4
300 3
2100 2
12300 3
4500 2
2400 3
5700 2
12600 3
3900 2
9900 3
300 4
300 3
1800 2
9000 3
2400 2
9600 3
2100 4
300 3
300 2
9900 3
2100 1
1200 2
14400 3
600 4
300 3
3300 2
14700 3
2700 2
9900 3
1500 4
300 3
300 2
9900 3
300 4
300 3
1500 2
10200 3
2400 4
11100 3
3000 2
14400 3
300 4
300 3
4800 2
13200 3
3000 2
9900 3
1200 4
300 3
900 2
10800 3
2400 4
12000 3
2400 4
13800 3
600 4
300 3
2700 2
8100 3
5100 2
14700 3
1500 4
300 3
1200 2
9600 3
3000 2
10200 3
900 4
300 3
1500 2
11400 3
1200 4
300 3
1800 2
15300 3
600 4
300 3
3000 2
3900 3
6600 2
15300 3
4800 2
13200 3
2700 2
13200 3
1800 4
300 3
1200 2
15000 3
1500 4
300 3
1800 2
9000 3
6000 2
17400 3
1500 4
300 3
1800 2
12600 3
3000 2
11400 3
4200 2
12300 3
1200 4
300 3
2100 2
12300 3
5400 2
12600 3
3300 2
9900 3
900 4
300 3
1200 2
9600 3
2700 2
10500 3
900 4
300 3
1200 2
11400 3
1500 4
300 3
1500 2
12900 3
5400 2
14100 3
1800 4
300 3
600 2
10200 3
2100 2
10500 3
1500 4
300 3
600 2
10200 3
3900 2
12900 3
900 4
300 3
2400 2
8400 3
5400 2
14700 3
1200 4
300 3
900 2
9900 3
3000 2
10200 3
900 4
300 3
1200 2
11700 3
1200 4
300 3
1200 2
13200 3
3600 2
7200 3
4800 2
13200 3
3600 2
9900 3
600 4
300 3
1500 2
9300 3
2700 2
10500 3
900 4
300 3
1800 2
12600 3
3600 2
10800 3
5400 2
14700 3
1200 4
300 3
1200 2
9600 3
3300 2
11100 3
2100 2
12300 3
3000 2
15000 3
3900 2
300 3
300 2
2400 3
6600 2
15300 3
4200 2
12900 3
600 4
300 3
2100 2
13500 3
2100 4
300 3
1500 2
15300 3
900 4
300 3
3000 2
7800 3
7200 2
17400 3
300 4
300 3
3000 2
13200 3
1500 4
300 3
1200 2
13200 3
3300 2
13200 3
1200 4
300 3
2100 2
8700 3
5100 2
12900 3
3300 2
10200 3
600 4
300 3
1200 2
9600 3
3000 2
10200 3
900 4
300 3
1200 2
11700 3
1200 4
300 3
1800 2
12600 3
5700 2
14400 3
1200 4
300 3
900 2
9900 3
3000 2
9900 3
1200 4
300 3
900 2
9900 3
3000 2
11400 3
4200 2
10200 3
5100 2
12900 3
3300 2
9600 3
1200 4
300 3
900 2
9900 3
2100 2
10800 3
1200 4
300 3
1200 2
11400 3
1500 4
300 3
1200 2
13200 3
5400 2
15000 3
900 4
300 3
1500 2
10800 3
1800 4
300 3
600 2
10200 3
3000 2
11400 3
5100 2
14100 3
5100 2
1800 3
6600 2
14400 3
600 4
300 3
1500 2
9300 3
3300 2
10500 3
300 4
300 3
2100 2
12300 3
2700 2
11700 3
7200 2
3300 3
6900 2
15000 3
4500 2
13500 3
3600 2
14400 3
3600 2
14400 3
6300 2
4200 3
7500 2
18000 3
3300 2
14700 3
3000 2
14400 3
300 4
300 3
2400 2
15600 3
4500 2
2400 3
6000 2
15000 3
600 4
300 3
1800 2
11400 3
900 4
300 3
1500 2
11700 3
900 4
300 3
1800 2
