total_obs: 449, avg_duration: 5576.391982182628
9300 3
900 4
300 3
1200 2
13200 3
3300 4
3600 3
1800 2
13800 3
2400 4
9900 3
900 4
300 3
900 2
9000 3
600 4
300 3
1200 2
9600 3
2100 2
10200 3
1800 4
12900 3
1500 4
300 3
1200 2
6000 3
1500 2
12900 3
3000 2
5400 3
900 0
900 1
2400 2
9000 3
1200 4
300 3
600 2
9300 3
600 4
1500 2
9300 3
4200 2
10313 3
1387 0
1500 1
3900 2
4500 3
4800 2
12300 3
600 4
300 3
1800 2
9000 3
2400 2
8400 3
2700 2
10200 3
1200 4
300 3
900 2
9900 3
3900 2
10500 3
4500 2
2700 3
4500 2
9900 3
4500 2
8700 3
900 4
300 3
600 2
8100 3
1800 4
9300 3
1500 4
300 3
300 2
10500 3
2700 2
10800 3
600 4
300 3
1800 2
9000 3
3900 2
10500 3
3000 2
7800 3
2700 2
8100 3
2100 2
8700 3
1800 2
9000 3
2700 2
9900 3
1500 4
300 3
900 2
13500 3
5100 2
12900 3
4800 2
13200 3
900 2
9900 3
3900 2
10500 3
4200 2
13200 3
300 4
300 3
3300 2
3900 3
5400 2
15300 3
600 4
300 3
1800 2
11100 3
1200 4
300 3
900 2
9900 3
3900 2
10500 3
3300 2
11100 3
3900 2
6900 3
4200 2
12900 3
600 4
300 3
1800 2
9000 3
2400 2
8400 3
2700 2
9000 3
2400 4
9900 3
900 4
300 3
1200 2
13200 3
3300 2
3900 3
4200 2
12900 3
600 4
300 3
1500 2
9300 3
2700 2
9600 3
1800 4
300 3
300 2
10500 3
3000 2
9600 3
300 2
600 1
1500 2
1500 3
15300 4
300 5
300 4
1500 3
5700 4
13200 3
900 4
300 3
1500 2
10800 3
1800 4
300 3
600 2
10200 3
3000 2
11400 3
2700 2
15300 3
3900 2
3300 3
5100 2
12900 3
3600 2
10200 3
300 4
300 3
1500 2
9300 3
3600 2
10800 3
3600 2
12900 3
1200 4
300 3
2400 2
8400 3
4800 2
13200 3
4200 2
10200 3
2100 2
10200 3
1800 4
11100 3
3000 2
11400 3
4800 2
9600 3
5400 2
16200 3
3000 2
11400 3
3600 2
12600 3
1500 4
300 3
1200 2
13200 3
3600 2
14400 3
5700 2
15900 3
3000 2
11400 3
3000 2
11400 3
2700 2
11700 3
2400 2
14100 3
1200 4
300 3
2400 2
1200 3
4200 2
13800 3
2700 2
9900 3
1500 4
300 3
600 2
9600 3
300 4
300 3
1500 2
9300 3
3000 2
11400 3
2400 2
14700 3
600 4
300 3
4500 2
13500 3
4200 2
10200 3
3000 2
11400 3
2400 2
12000 3
3000 2
13500 3
1200 4
300 3
1800 2
5400 3
4200 2
13800 3
2700 2
10200 3
1200 4
300 3
900 2
9900 3
2400 2
10500 3
1200 4
300 3
1200 2
12000 3
900 4
300 3
1800 2
12600 3
4200 2
13800 3
2400 2
10200 3
1800 4
600 2
10200 3
2100 2
10800 3
1200 4
300 3
1500 2
11700 3
900 4
300 3
1800 2
300 3
300 2
12000 3
4200 2
13800 3
3900 2
10500 3
3300 2
11100 3
2400 2
12000 3
3000 2
15000 3
3600 2
3600 3
5100 2
15600 3
600 4
300 3
2400 2
12000 3
3600 2
13500 3
600 4
300 3
2400 2
14400 3
900 4
300 3
2700 2
11700 3
5100 2
16500 3
4500 2
13500 3
3600 2
14400 3
3000 2
13800 3
900 4
300 3
2100 2
8700 3
4200 2
13800 3
2400 2
10500 3
1500 4
900 2
9900 3
3000 2
10200 3
900 4
300 3
1500 2
12300 3
300 4
300 3
2700 2
11700 3
4200 2
13800 3
3537 2
9663 3
1200 4
900 2
9900 3
2400 2
10200 3
1800 4
300 3
300 2
11700 3
2100 4
300 3
900 2
13200 3
3900 2
14100 3
2700 2
10200 3
1500 4
300 3
600 2
9900 3
2700 2
12000 3
2100 2
12300 3
3600 2
10500 3
3900 2
13800 3
300 4
300 3
1800 2
9900 3
2400 4
10200 3
600 4
300 3
1500 2
11400 3
1200 4
300 3
1200 2
13200 3
5100 2
9300 3
6000 2
12000 3
4500 2
9900 3
3000 2
11400 3
2700 2
11700 3
4500 2
17100 3
11100 2
17700 3
3600 2
14400 3
4200 2
13800 3
6000 2
19200 3
8700 2
16500 3
6900 2
14700 3
5400 2
16200 3
4200 2
13800 3
7200 2
14400 3
4800 2
13200 3
3000 2
11400 3
