total_obs: 498, avg_duration: 5027.710843373494
3000 3
300 4
300 3
1800 2
10500 3
2100 4
600 2
13800 3
1200 2
13200 3
2400 2
9000 3
3000 4
7200 3
1800 2
8400 3
600 4
1200 2
9000 3
600 4
1200 2
9000 3
300 4
300 3
2100 2
13200 3
2700 4
900 2
12900 3
600 4
1800 2
8700 3
300 4
1500 2
8100 3
1200 4
900 2
8100 3
1800 4
9000 3
1800 4
300 2
9900 3
600 4
1800 2
12600 3
4500 2
12600 3
900 4
1500 2
9300 3
1800 2
8700 3
300 4
1500 2
9000 3
300 4
1800 2
10200 3
2400 4
11700 3
2700 4
300 2
10500 3
1200 2
300 3
300 2
12600 3
2700 2
9000 3
2700 4
8400 3
2400 4
9000 3
1800 4
8400 3
2400 4
8700 3
2100 4
10800 3
2700 2
11100 3
600 4
1500 2
8400 3
900 4
600 2
6600 3
2100 2
9300 3
3000 4
8100 3
2700 4
9900 3
900 4
1200 2
13200 3
4800 2
2400 3
2100 2
15900 3
2700 2
300 3
300 2
11100 3
3600 2
12300 3
2100 4
300 3
600 2
12900 3
600 4
2400 2
15300 3
300 4
5700 2
16800 3
2700 4
12600 3
1800 4
300 3
600 2
11700 3
1800 4
300 3
1200 2
12000 3
900 4
1800 2
15300 3
900 4
2700 2
900 3
1800 2
14100 3
2100 4
300 3
300 2
9600 3
600 4
1500 2
9300 3
2700 2
9300 3
2400 4
10500 3
300 4
2100 2
13800 3
2100 4
300 3
1200 2
2100 3
1200 2
13200 3
3300 2
10500 3
600 4
1800 2
9600 3
3000 4
9300 3
1500 4
300 3
600 2
9600 3
300 2
600 0
1200 1
1200 2
14400 3
600 4
3300 2
14700 3
2700 2
9600 3
2100 4
9300 3
1500 4
300 3
600 2
9300 3
600 4
300 3
1500 2
10800 3
1800 4
300 3
1200 2
12900 3
3600 2
3600 3
1500 2
12900 3
2400 2
9300 3
2700 4
8400 3
2400 4
8700 3
2100 4
10200 3
600 4
300 3
1800 2
11400 3
900 4
300 3
2400 2
8400 3
1200 2
12900 3
2700 2
9600 3
2100 4
9000 3
1800 4
9600 3
1200 4
300 3
600 2
11700 3
1800 4
300 3
600 2
14700 3
2400 4
300 3
900 2
2400 3
2100 2
15300 3
600 4
300 3
2100 2
11400 3
600 4
300 3
1500 2
11400 3
1200 4
300 3
1200 2
12000 3
900 4
300 3
1500 2
12600 3
4500 2
6300 3
2400 2
15900 3
2400 2
11400 3
300 4
300 3
2100 2
11100 3
900 4
300 3
1200 2
11700 3
1200 4
300 3
900 2
12300 3
900 4
300 3
2400 2
8400 3
900 2
13500 3
2100 2
10007 3
1993 4
8700 3
2100 4
9600 3
1200 4
300 3
900 2
10800 3
2400 4
13200 3
1200 4
300 3
2100 2
5100 3
1500 2
12900 3
2400 2
9600 3
2100 4
9900 3
900 4
300 3
1200 2
10800 3
2100 4
300 3
300 2
10500 3
3600 2
14400 3
5100 2
12900 3
2700 2
9600 3
1800 4
9900 3
900 4
300 3
1200 2
9600 3
3000 2
11400 3
3000 2
14400 3
300 4
300 3
5400 2
12600 3
3300 2
9600 3
1200 4
300 3
900 2
9900 3
1800 2
9000 3
3000 2
11400 3
2700 2
14700 3
300 4
300 3
5700 2
14400 3
1200 4
300 3
900 2
9900 3
1800 2
9900 3
2400 4
9600 3
1200 4
300 3
900 2
12000 3
1200 4
300 3
1200 2
13200 3
5700 2
15000 3
600 4
300 3
2100 2
11700 3
300 4
300 3
2100 2
11400 3
600 4
300 3
2100 2
12300 3
3300 2
14700 3
9300 2
15900 3
3900 2
12600 3
1200 4
300 3
1200 2
12000 3
900 4
300 3
1500 2
12000 3
600 4
300 3
1800 2
14100 3
1800 4
300 3
4800 2
13200 3
2700 2
9600 3
1800 4
9300 3
1500 4
300 3
300 2
9300 3
900 4
300 3
900 2
9900 3
2400 2
12000 3
3900 2
3000 3
5400 2
25500 3
1500 4
300 3
300 2
9000 3
1200 4
300 3
600 2
9300 3
600 4
300 3
1500 2
9300 3
3000 2
11400 3
3900 2
3300 3
900 2
2700 3
900 2
13500 3
2700 2
9600 3
1800 4
9600 3
1200 4
300 3
600 2
10200 3
2400 2
10800 3
900 4
300 3
1500 2
12900 3
6600 2
300 3
2100 2
13800 3
2100 4
300 3
300 2
10500 3
2100 2
10500 3
1500 4
300 3
600 2
11700 3
1800 4
300 3
600 2
600 3
600 2
10500 3
6000 2
8400 3
5400 2
12600 3
4500 2
9900 3
3300 2
11100 3
3300 2
11100 3
5400 2
16200 3
10800 2
18000 3
3300 2
14700 3
3300 2
14700 3
4800 2
16800 3
11100 2
17700 3
5400 2
16200 3
3300 2
14700 3
5400 2
16200 3
6000 2
15600 3
3600 2
10800 3
4500 2
12300 3
900 4
300 3
